000.000 005.000
000.000 010.000
000.000 015.000
000.000 020.000
000.000 025.000
000.000 030.000
000.000 035.000
000.000 040.000
000.000 045.000
000.000 050.000
000.000 055.000
000.000 060.000
000.000 065.000
000.000 070.000
000.000 075.000
000.000 080.000
000.000 085.000
000.000 090.000
000.000 095.000
000.000 100.000
000.000 105.000
000.000 110.000
000.000 115.000
000.000 120.000
000.000 125.000
000.000 130.000
000.000 135.000
000.000 140.000
000.000 145.000
000.000 150.000
000.000 155.000
000.000 160.000
000.000 165.000
000.000 170.000
000.000 175.000
