000.000 070.000
000.500 070.000
001.000 070.000
001.500 070.000
002.000 070.000
002.500 070.000
003.000 070.000
003.500 070.000
004.000 070.000
004.500 070.000
005.000 070.000
005.500 070.000
006.000 070.000
006.500 070.000
007.000 070.000
007.500 070.000
008.000 070.000
008.500 070.000
009.000 070.000
009.500 070.000
010.000 070.000
010.500 070.000
011.000 070.000
011.500 070.000
012.000 070.000
012.500 070.000
013.000 070.000
013.500 070.000
014.000 070.000
014.500 070.000
015.000 070.000
015.500 070.000
016.000 070.000
016.500 070.000
017.000 070.000
017.500 070.000
018.000 070.000
018.500 070.000
019.000 070.000
019.500 070.000
020.000 070.000
020.500 070.000
021.000 070.000
021.500 070.000
022.000 070.000
022.500 070.000
023.000 070.000
023.500 070.000
024.000 070.000
024.500 070.000
025.000 070.000
025.500 070.000
026.000 070.000
026.500 070.000
027.000 070.000
027.500 070.000
028.000 070.000
028.500 070.000
029.000 070.000
029.500 070.000
030.000 070.000
030.500 070.000
031.000 070.000
031.500 070.000
032.000 070.000
032.500 070.000
033.000 070.000
033.500 070.000
034.000 070.000
034.500 070.000
035.000 070.000
035.500 070.000
036.000 070.000
036.500 070.000
037.000 070.000
037.500 070.000
038.000 070.000
038.500 070.000
039.000 070.000
039.500 070.000
040.000 070.000
040.500 070.000
041.000 070.000
041.500 070.000
042.000 070.000
042.500 070.000
043.000 070.000
043.500 070.000
044.000 070.000
044.500 070.000
045.000 070.000
045.500 070.000
046.000 070.000
046.500 070.000
047.000 070.000
047.500 070.000
048.000 070.000
048.500 070.000
049.000 070.000
049.500 070.000
050.000 070.000
050.500 070.000
051.000 070.000
051.500 070.000
052.000 070.000
052.500 070.000
053.000 070.000
053.500 070.000
054.000 070.000
054.500 070.000
055.000 070.000
055.500 070.000
056.000 070.000
056.500 070.000
057.000 070.000
057.500 070.000
058.000 070.000
058.500 070.000
059.000 070.000
059.500 070.000
060.000 070.000
060.500 070.000
061.000 070.000
061.500 070.000
062.000 070.000
062.500 070.000
063.000 070.000
063.500 070.000
064.000 070.000
064.500 070.000
065.000 070.000
065.500 070.000
066.000 070.000
066.500 070.000
067.000 070.000
067.500 070.000
068.000 070.000
068.500 070.000
069.000 070.000
069.500 070.000
070.000 070.000
070.500 070.000
071.000 070.000
071.500 070.000
072.000 070.000
072.500 070.000
073.000 070.000
073.500 070.000
074.000 070.000
074.500 070.000
075.000 070.000
075.500 070.000
076.000 070.000
076.500 070.000
077.000 070.000
077.500 070.000
078.000 070.000
078.500 070.000
079.000 070.000
079.500 070.000
080.000 070.000
080.500 070.000
081.000 070.000
081.500 070.000
082.000 070.000
082.500 070.000
083.000 070.000
083.500 070.000
084.000 070.000
084.500 070.000
085.000 070.000
085.500 070.000
086.000 070.000
086.500 070.000
087.000 070.000
087.500 070.000
088.000 070.000
088.500 070.000
089.000 070.000
089.500 070.000
090.000 070.000
090.500 070.000
091.000 070.000
091.500 070.000
092.000 070.000
092.500 070.000
093.000 070.000
093.500 070.000
094.000 070.000
094.500 070.000
095.000 070.000
095.500 070.000
096.000 070.000
096.500 070.000
097.000 070.000
097.500 070.000
098.000 070.000
098.500 070.000
099.000 070.000
099.500 070.000
100.000 070.000
100.500 070.000
101.000 070.000
101.500 070.000
102.000 070.000
102.500 070.000
103.000 070.000
103.500 070.000
104.000 070.000
104.500 070.000
105.000 070.000
105.500 070.000
106.000 070.000
106.500 070.000
107.000 070.000
107.500 070.000
108.000 070.000
108.500 070.000
109.000 070.000
109.500 070.000
110.000 070.000
110.500 070.000
111.000 070.000
111.500 070.000
112.000 070.000
112.500 070.000
113.000 070.000
113.500 070.000
114.000 070.000
114.500 070.000
115.000 070.000
115.500 070.000
116.000 070.000
116.500 070.000
117.000 070.000
117.500 070.000
118.000 070.000
118.500 070.000
119.000 070.000
119.500 070.000
120.000 070.000
120.500 070.000
121.000 070.000
121.500 070.000
122.000 070.000
122.500 070.000
123.000 070.000
123.500 070.000
124.000 070.000
124.500 070.000
125.000 070.000
125.500 070.000
126.000 070.000
126.500 070.000
127.000 070.000
127.500 070.000
128.000 070.000
128.500 070.000
129.000 070.000
129.500 070.000
130.000 070.000
130.500 070.000
131.000 070.000
131.500 070.000
132.000 070.000
132.500 070.000
133.000 070.000
133.500 070.000
134.000 070.000
134.500 070.000
135.000 070.000
135.500 070.000
136.000 070.000
136.500 070.000
137.000 070.000
137.500 070.000
138.000 070.000
138.500 070.000
139.000 070.000
139.500 070.000
140.000 070.000
140.500 070.000
141.000 070.000
141.500 070.000
142.000 070.000
142.500 070.000
143.000 070.000
143.500 070.000
144.000 070.000
144.500 070.000
145.000 070.000
145.500 070.000
146.000 070.000
146.500 070.000
147.000 070.000
147.500 070.000
148.000 070.000
148.500 070.000
149.000 070.000
149.500 070.000
150.000 070.000
150.500 070.000
151.000 070.000
151.500 070.000
152.000 070.000
152.500 070.000
153.000 070.000
153.500 070.000
154.000 070.000
154.500 070.000
155.000 070.000
155.500 070.000
156.000 070.000
156.500 070.000
157.000 070.000
157.500 070.000
158.000 070.000
158.500 070.000
159.000 070.000
159.500 070.000
160.000 070.000
160.500 070.000
161.000 070.000
161.500 070.000
162.000 070.000
162.500 070.000
163.000 070.000
163.500 070.000
164.000 070.000
164.500 070.000
165.000 070.000
165.500 070.000
166.000 070.000
166.500 070.000
167.000 070.000
167.500 070.000
168.000 070.000
168.500 070.000
169.000 070.000
169.500 070.000
170.000 070.000
170.500 070.000
171.000 070.000
171.500 070.000
172.000 070.000
172.500 070.000
173.000 070.000
173.500 070.000
174.000 070.000
174.500 070.000
175.000 070.000
175.500 070.000
176.000 070.000
176.500 070.000
177.000 070.000
177.500 070.000
178.000 070.000
178.500 070.000
179.000 070.000
179.500 070.000
180.000 070.000
180.500 070.000
181.000 070.000
181.500 070.000
182.000 070.000
182.500 070.000
183.000 070.000
183.500 070.000
184.000 070.000
184.500 070.000
185.000 070.000
185.500 070.000
186.000 070.000
186.500 070.000
187.000 070.000
187.500 070.000
188.000 070.000
188.500 070.000
189.000 070.000
189.500 070.000
190.000 070.000
190.500 070.000
191.000 070.000
191.500 070.000
192.000 070.000
192.500 070.000
193.000 070.000
193.500 070.000
194.000 070.000
194.500 070.000
195.000 070.000
195.500 070.000
196.000 070.000
196.500 070.000
197.000 070.000
197.500 070.000
198.000 070.000
198.500 070.000
199.000 070.000
199.500 070.000
200.000 070.000
200.500 070.000
201.000 070.000
201.500 070.000
202.000 070.000
202.500 070.000
203.000 070.000
203.500 070.000
204.000 070.000
204.500 070.000
205.000 070.000
205.500 070.000
206.000 070.000
206.500 070.000
207.000 070.000
207.500 070.000
208.000 070.000
208.500 070.000
209.000 070.000
209.500 070.000
210.000 070.000
210.500 070.000
211.000 070.000
211.500 070.000
212.000 070.000
212.500 070.000
213.000 070.000
213.500 070.000
214.000 070.000
214.500 070.000
215.000 070.000
215.500 070.000
216.000 070.000
216.500 070.000
217.000 070.000
217.500 070.000
218.000 070.000
218.500 070.000
219.000 070.000
219.500 070.000
220.000 070.000
220.500 070.000
221.000 070.000
221.500 070.000
222.000 070.000
222.500 070.000
223.000 070.000
223.500 070.000
224.000 070.000
224.500 070.000
225.000 070.000
225.500 070.000
226.000 070.000
226.500 070.000
227.000 070.000
227.500 070.000
228.000 070.000
228.500 070.000
229.000 070.000
229.500 070.000
230.000 070.000
230.500 070.000
231.000 070.000
231.500 070.000
232.000 070.000
232.500 070.000
233.000 070.000
233.500 070.000
234.000 070.000
234.500 070.000
235.000 070.000
235.500 070.000
236.000 070.000
236.500 070.000
237.000 070.000
237.500 070.000
238.000 070.000
238.500 070.000
239.000 070.000
239.500 070.000
240.000 070.000
240.500 070.000
241.000 070.000
241.500 070.000
242.000 070.000
242.500 070.000
243.000 070.000
243.500 070.000
244.000 070.000
244.500 070.000
245.000 070.000
245.500 070.000
246.000 070.000
246.500 070.000
247.000 070.000
247.500 070.000
248.000 070.000
248.500 070.000
249.000 070.000
249.500 070.000
250.000 070.000
250.500 070.000
251.000 070.000
251.500 070.000
252.000 070.000
252.500 070.000
253.000 070.000
253.500 070.000
254.000 070.000
254.500 070.000
255.000 070.000
255.500 070.000
256.000 070.000
256.500 070.000
257.000 070.000
257.500 070.000
258.000 070.000
258.500 070.000
259.000 070.000
259.500 070.000
260.000 070.000
260.500 070.000
261.000 070.000
261.500 070.000
262.000 070.000
262.500 070.000
263.000 070.000
263.500 070.000
264.000 070.000
264.500 070.000
265.000 070.000
265.500 070.000
266.000 070.000
266.500 070.000
267.000 070.000
267.500 070.000
268.000 070.000
268.500 070.000
269.000 070.000
269.500 070.000
270.000 070.000
270.500 070.000
271.000 070.000
271.500 070.000
272.000 070.000
272.500 070.000
273.000 070.000
273.500 070.000
274.000 070.000
274.500 070.000
275.000 070.000
275.500 070.000
276.000 070.000
276.500 070.000
277.000 070.000
277.500 070.000
278.000 070.000
278.500 070.000
279.000 070.000
279.500 070.000
280.000 070.000
280.500 070.000
281.000 070.000
281.500 070.000
282.000 070.000
282.500 070.000
283.000 070.000
283.500 070.000
284.000 070.000
284.500 070.000
285.000 070.000
285.500 070.000
286.000 070.000
286.500 070.000
287.000 070.000
287.500 070.000
288.000 070.000
288.500 070.000
289.000 070.000
289.500 070.000
290.000 070.000
290.500 070.000
291.000 070.000
291.500 070.000
292.000 070.000
292.500 070.000
293.000 070.000
293.500 070.000
294.000 070.000
294.500 070.000
295.000 070.000
295.500 070.000
296.000 070.000
296.500 070.000
297.000 070.000
297.500 070.000
298.000 070.000
298.500 070.000
299.000 070.000
299.500 070.000
300.000 070.000
300.500 070.000
301.000 070.000
301.500 070.000
302.000 070.000
302.500 070.000
303.000 070.000
303.500 070.000
304.000 070.000
304.500 070.000
305.000 070.000
305.500 070.000
306.000 070.000
306.500 070.000
307.000 070.000
307.500 070.000
308.000 070.000
308.500 070.000
309.000 070.000
309.500 070.000
310.000 070.000
310.500 070.000
311.000 070.000
311.500 070.000
312.000 070.000
312.500 070.000
313.000 070.000
313.500 070.000
314.000 070.000
314.500 070.000
315.000 070.000
315.500 070.000
316.000 070.000
316.500 070.000
317.000 070.000
317.500 070.000
318.000 070.000
318.500 070.000
319.000 070.000
319.500 070.000
320.000 070.000
320.500 070.000
321.000 070.000
321.500 070.000
322.000 070.000
322.500 070.000
323.000 070.000
323.500 070.000
324.000 070.000
324.500 070.000
325.000 070.000
325.500 070.000
326.000 070.000
326.500 070.000
327.000 070.000
327.500 070.000
328.000 070.000
328.500 070.000
329.000 070.000
329.500 070.000
330.000 070.000
330.500 070.000
331.000 070.000
331.500 070.000
332.000 070.000
332.500 070.000
333.000 070.000
333.500 070.000
334.000 070.000
334.500 070.000
335.000 070.000
335.500 070.000
336.000 070.000
336.500 070.000
337.000 070.000
337.500 070.000
338.000 070.000
338.500 070.000
339.000 070.000
339.500 070.000
340.000 070.000
340.500 070.000
341.000 070.000
341.500 070.000
342.000 070.000
342.500 070.000
343.000 070.000
343.500 070.000
344.000 070.000
344.500 070.000
345.000 070.000
345.500 070.000
346.000 070.000
346.500 070.000
347.000 070.000
347.500 070.000
348.000 070.000
348.500 070.000
349.000 070.000
349.500 070.000
350.000 070.000
350.500 070.000
351.000 070.000
351.500 070.000
352.000 070.000
352.500 070.000
353.000 070.000
353.500 070.000
354.000 070.000
354.500 070.000
355.000 070.000
355.500 070.000
356.000 070.000
356.500 070.000
357.000 070.000
357.500 070.000
358.000 070.000
358.500 070.000
359.000 070.000
359.500 070.000
360.000 070.000
